# Created by Octave 3.2.4, Mon Apr 07 16:16:52 2014 EEST <hjin@da3-cs-dk110-12>
# name: counts
# type: matrix
# rows: 27
# columns: 1
 113
 109
 81
 54
 64
 30
 338
 185
 262
 43
 55
 49
 12
 12
 15
 85
 81
 85
 85
 86
 40
 29
 7
 7
 312
 142
 119
